7.386409050837499990e+01 0.000000000000000000e+00
5.265213504270018063e+01 1.509122266321015760e+00
3.753173294472819066e+01 2.565072114797929181e+00
2.675353972876221675e+01 3.298249036534939282e+00
1.907057920608244572e+01 3.801601623886338377e+00
1.359397655676532501e+01 4.141382525676076121e+00
9.690119799644088872e+00 4.364814956181865213e+00
6.907355016957630767e+00 4.505557491833490857e+00
4.923732038094867924e+00 4.587599576953068414e+00
3.509756936980693354e+00 4.628038286350935948e+00
2.501840811323571057e+00 4.639057690673984879e+00
1.783373480575589420e+00 4.629339791602741450e+00
1.271232349239366455e+00 4.605070270852794856e+00
9.061655919693721861e-01 4.570655412329211131e+00
6.459370550209752038e-01 4.529233141073429003e+00
4.604397725656241835e-01 4.483037303936368012e+00
3.282127608964651166e-01 4.433657337291927014e+00
2.339581044427720691e-01 4.382223364005918498e+00
1.667710739850664370e-01 4.329538134580849018e+00
1.188785111163063873e-01 4.276171077576428559e+00
8.473951752666736281e-02 4.222525340585707276e+00
6.040440711414921116e-02 4.168885577994990932e+00
4.305774339371797738e-02 4.115452015388781248e+00
3.069261584348059041e-02 4.062364730243635869e+00
2.187845055140992881e-02 4.009720959754154102e+00
1.559549660600270497e-02 3.957587438069748220e+00
1.111685286127307021e-02 3.906009189464831888e+00
7.924365710254786463e-03 3.855015796479925871e+00
5.648682373937555755e-03 3.804625867313829790e+00
4.026519479045538585e-03 3.754850219853636872e+00
2.870201968433109055e-03 3.705694150983941171e+00
2.045950407227659952e-03 3.657159053731889653e+00
1.458403677600111047e-03 3.609243569590016243e+00
1.039586225058765356e-03 3.561944409521748955e+00
7.410425058872982225e-04 3.515256938874542492e+00
5.282325986253540466e-04 3.469175593744536545e+00
3.765368120592131823e-04 3.423694177410977257e+00
2.684045795286548559e-04 3.378806071483802409e+00
1.913252757204585651e-04 3.334504385796061232e+00
1.363812006739864417e-04 3.290782064914471228e+00
9.721580780783300546e-05 3.247631963711818948e+00
6.929775127474949376e-05 3.205046900903954388e+00
4.939800439961823317e-05 3.163019696719967300e+00
3.521235971117660409e-05 3.121543199751304343e+00
2.510031898490548276e-05 3.080610305141421978e+00
1.789215656364760631e-05 3.040213967709754606e+00
1.275440029064706648e-05 3.000347210737446702e+00
9.091476180518442290e-06 2.961003132072281829e+00
6.480441449273887827e-06 2.922174907784909959e+00
4.619420193502962301e-06 2.883855794817915097e+00
3.292715614113238496e-06 2.846039132407917283e+00
2.347066202894975382e-06 2.808718342692241077e+00
1.673202069897217229e-06 2.771886930914694513e+00
1.192283183082443290e-06 2.735538485339787496e+00
8.493176812916212045e-07 2.699666676607377358e+00
6.053281535780475812e-07 2.664265257234691653e+00
4.319525188120038752e-07 2.629328060950526069e+00
3.081621414147636707e-07 2.594849001763575025e+00
2.197169563230725346e-07 2.560822072989564990e+00
1.566661217725987329e-07 2.527241346423231061e+00
1.118158292925236508e-07 2.494100971451279403e+00
7.978372219408439706e-08 2.461395174003647934e+00
5.689181528970234237e-08 2.429118255588121222e+00
4.056300772124759794e-08 2.397264592376322501e+00
2.894658307423419297e-08 2.365828634281734733e+00
2.065428126875960464e-08 2.334804903922051089e+00
1.472918511165334877e-08 2.304187995690778923e+00
1.050134608387440050e-08 2.273972574861634843e+00
7.493182154273644177e-09 2.244153376693968305e+00
5.346720797913985497e-09 2.214725205440161826e+00
3.812053640065527145e-09 2.185682933403332306e+00
2.700158783262848517e-09 2.157021499372199447e+00
1.914019030205824865e-09 2.128735909743751709e+00
1.419194738233737532e-09 2.100821237443970091e+00
1.099137532516382219e-09 2.073272616581006034e+00
9.131863937922078372e-10 2.046085248290063774e+00
8.129818864200223431e-10 2.019254395542402492e+00
7.235496998369929513e-10 1.992775381914008603e+00
5.998560697911172529e-10 1.966643595472048700e+00
4.466185388730237124e-10 1.940854481549447508e+00
2.895472180965506224e-10 1.915403546691450742e+00
1.609464330701351188e-10 1.890286357758763858e+00
7.098087135203044145e-11 1.865498535870215191e+00
5.524013613630606124e-11 1.841035763732778552e+00
1.237723807422315225e-10 1.816893777150553335e+00
2.760616389738755655e-10 1.793068367585374245e+00
5.176010980985364448e-10 1.769555385161932115e+00
8.396309800572420843e-10 1.746350735230401741e+00
1.212777872312589005e-09 1.723450377360424390e+00
1.596266903088657411e-09 1.700850322668736814e+00
1.935484662891812768e-09 1.678546632393317584e+00
2.131385934886781934e-09 1.656535419480351656e+00
2.046831614718567835e-09 1.634812846219418914e+00
1.501101320183282341e-09 1.613375123144030754e+00
4.055381556661215460e-10 1.592218512139600639e+00
-1.029482685975149900e-09 1.571339331674667550e+00
-2.672971025595975814e-09 1.550733944605601433e+00
-4.318187767419566391e-09 1.530398761864746771e+00
-5.692499230651419230e-09 1.510330241630515546e+00
-6.611187412328571781e-09 1.490524886092699397e+00
-6.779202081757303935e-09 1.470979243883549392e+00
-5.824144197055555696e-09 1.451689908787590522e+00
-3.354698748702884454e-09 1.432653518844940299e+00
-1.153766535597458504e-10 1.413866757640646066e+00
2.795156295915151923e-09 1.395326352261994307e+00
4.137314269517756031e-09 1.377029072233943552e+00
2.197720253262051900e-09 1.358971729394249817e+00
-1.522802155839283235e-09 1.341151177195241573e+00
4.528670052476957243e-10 1.323564310215588957e+00
2.690368253809109545e-12 1.306208064582838668e+00
-5.877629952001400181e-10 1.289079415962725461e+00
1.511711240420086090e-10 1.272175379702508824e+00
-2.091423896133549061e-11 1.255493010566935297e+00
-4.468789962907635248e-10 1.239029401721981838e+00
-2.232423373786048004e-10 1.222781684435825911e+00
3.056267092871820019e-10 1.206747027677387729e+00
3.805698148920350557e-10 1.190922637602470413e+00
1.511014439860265739e-10 1.175305756937934598e+00
6.990352415170717736e-11 1.159893664511506994e+00
1.176797290454831137e-10 1.144683674874616974e+00
1.147028832292142735e-10 1.129673137817810202e+00
4.803399607076299517e-11 1.114859437884998972e+00
1.965789649199673725e-11 1.100239993879332800e+00
2.636586994735454452e-11 1.085812258464253777e+00
2.806672684490065013e-11 1.071573717720833985e+00
1.312308730572945281e-11 1.057521890707297185e+00
5.497214687704734915e-12 1.043654328984296331e+00
6.279272597635063212e-12 1.029968616211367483e+00
1.321863881763361660e-11 1.016462367034798309e+00
1.987386495138309276e-11 1.003133227773145730e+00
7.813222477944554487e-12 9.899788769720421211e-01
-4.120488208533196932e-11 9.769970239782109767e-01
-1.077059321612926710e-10 9.641854042851886186e-01
-1.850022337295667837e-10 9.515417857971110172e-01
-2.680094756693699849e-10 9.390639674416089155e-01
-3.437767913060162333e-10 9.267497748023639792e-01
-3.913657500762762409e-10 9.145970600414244922e-01
-3.893902443260383026e-10 9.026037067394924174e-01
-3.171306401419978329e-10 8.907676270946489616e-01
-1.975243139625454452e-10 8.790867564463424877e-01
-5.136214149829361319e-11 8.675590591097098736e-01
1.002138177342663178e-10 8.561825280574303365e-01
2.322486812419736006e-10 8.449551821180628641e-01
3.227537620650384042e-10 8.338750612180761967e-01
3.379649938141696515e-10 8.229402367284807118e-01
2.432945106054581321e-10 8.121488048891033484e-01
4.452126215817674992e-11 8.014988836107668213e-01
-2.494704875239426065e-10 7.909886163939440218e-01
-6.325027395590583902e-10 7.806161726856961636e-01
-1.087939994189092250e-09 7.703797460876428138e-01
-1.586776917874472464e-09 7.602775538385749821e-01
-2.082720144802707234e-09 7.503078363328393730e-01
-2.511003915812229613e-09 7.404688565942848522e-01
-2.789291485227486962e-09 7.307588997253877672e-01
-2.814014145960321167e-09 7.211762724106750566e-01
-2.458337772321839942e-09 7.117193024007765212e-01
-1.664905216559440262e-09 7.023863403289217766e-01
-5.836503020382770868e-10 6.931757626366570335e-01
6.723641346460007749e-10 6.840859650990863683e-01
1.923454060550020413e-09 6.751153649059227213e-01
2.948314197364547790e-09 6.662624000160817239e-01
3.618568593612649257e-09 6.575255269806925540e-01
3.705465226771160527e-09 6.489032232199923866e-01
2.928899073808171500e-09 6.403939860082162872e-01
1.035677307838742801e-09 6.319963321506719689e-01
-1.618344486364144742e-09 6.237087988356041501e-01
-4.639660809423440816e-09 6.155299421535730398e-01
-7.506165337762076362e-09 6.074583369561231683e-01
-9.491357069031772443e-09 5.994925767503956893e-01
-1.030906555800476087e-08 5.916312735866806616e-01
-9.619967506153703308e-09 5.838730576928553573e-01
-6.902966943545048172e-09 5.762165771899617761e-01
-1.622109212910080633e-09 5.686604978732194837e-01
5.188981675348404876e-09 5.612035032649542732e-01
1.131494180018125054e-08 5.538442942834774785e-01
1.434946350357299722e-08 5.465815887945556506e-01
1.097045612256914136e-08 5.394141214969540021e-01
2.561292221026307302e-09 5.323406433486459477e-01
4.178736336637306721e-09 5.253599208735122428e-01
2.784404806144313617e-09 5.184707386500233550e-01
8.405708785283318650e-10 5.116718961222697093e-01
1.467019819099193479e-09 5.049622084089727680e-01
9.681895916426805840e-10 4.983405066723094468e-01
-2.478901848836809703e-11 4.918056370809084088e-01
1.118291026414821695e-11 4.853564608672498726e-01
8.052205055871005516e-10 4.789918543239329307e-01
8.909738873642841397e-10 4.727107085855706825e-01
4.513507292184946906e-10 4.665119292012505081e-01
2.317502608334075467e-10 4.603944360186832396e-01
2.788142676550468658e-10 4.543571631042984116e-01
2.583253442862188402e-10 4.483990585369730941e-01
1.323244235128919064e-10 4.425190841688594334e-01
6.686778249356629934e-11 4.367162150479809157e-01
6.532311932036729466e-11 4.309894412513142203e-01
6.826330138735767337e-11 4.253377650197996407e-01
4.140819102345062697e-11 4.197602006021860510e-01
1.772177902330393712e-11 4.142557767677827463e-01
8.033132346240081894e-12 4.088235341995254402e-01
7.997448487655756283e-12 4.034625255016422440e-01
7.916034705279905596e-12 3.981718169057069656e-01
6.091489819428381830e-12 3.929504852535312676e-01
