73.864090508375 0.0 0.0
52.65213504270018 1.5091222663210158 0.16600344929531174
37.53173294472819 2.565072114797929 0.2821579326277722
26.753539728762217 3.2982490365349393 0.3628073940188433
19.070579206082446 3.8016016238863384 0.41817617862749723
13.593976556765325 4.141382525676076 0.45555207782436835
9.690119799644089 4.364814956181865 0.48012964518000517
6.907355016957631 4.505557491833491 0.495611324101684
4.923732038094868 4.587599576953068 0.5046359534648376
3.5097569369806934 4.628038286350936 0.509084211498603
2.501840811323571 4.639057690673985 0.5102963459741383
1.7833734805755894 4.6293397916027414 0.5092273770763016
1.2712323492393665 4.605070270852795 0.5065577297938074
0.9061655919693722 4.570655412329211 0.5027720953562133
0.6459370550209752 4.529233141073429 0.4982156455180772
0.4604397725656242 4.483037303936368 0.49313410343300046
0.3282127608964651 4.433657337291927 0.487702307102112
0.23395810444277207 4.3822233640059185 0.48204457004065104
0.16677107398506644 4.329538134580849 0.4762491948038934
0.11887851111630639 4.276171077576429 0.47037881853340713
0.08473951752666736 4.222525340585707 0.4644777874644278
0.06040440711414921 4.168885577994991 0.458577413579449
0.04305774339371798 4.115452015388781 0.45269972169276596
0.03069261584348059 4.062364730243636 0.44686012032679995
0.02187845055140993 4.009720959754154 0.4410693055729569
0.015595496606002705 3.957587438069748 0.43533461818767233
0.01111685286127307 3.906009189464832 0.4296610108411315
0.007924365710254786 3.855015796479926 0.42405173761279186
0.005648682373937556 3.80462586731383 0.41850884540452127
0.004026519479045539 3.754850219853637 0.41303352418390005
0.002870201968433109 3.705694150983941 0.40762635660823354
0.00204595040722766 3.6571590537318897 0.4022874959105079
0.001458403677600111 3.6092435695900162 0.3970167926549018
0.0010395862250587654 3.561944409521749 0.3918138850473924
0.0007410425058872982 3.5152569388745425 0.3866782632761997
0.000528232598625354 3.4691755937445365 0.381609315311899
0.0003765368120592132 3.4236941774109773 0.3766063595152075
0.00026840457952865486 3.3788060714838024 0.3716686678632183
0.00019132527572045857 3.3345043857960612 0.3667954824375667
0.00013638120067398644 3.2907820649144712 0.36198602714059186
9.7215807807833e-05 3.247631963711819 0.35723951600830006
6.92977512747495e-05 3.2050469009039544 0.35255515909943497
4.939800439961823e-05 3.1630196967199673 0.3479321666391964
3.5212359711176604e-05 3.1215431997513043 0.34336975197264347
2.5100318984905483e-05 3.080610305141422 0.3388671335655564
1.7892156563647606e-05 3.0402139677097546 0.334423536448073
1.2754400290647066e-05 3.0003472107374467 0.33003819318111915
9.091476180518442e-06 2.961003132072282 0.325710344527951
6.480441449273888e-06 2.92217490778491 0.3214392398563401
4.619420193502962e-06 2.883855794817915 0.3172241374299707
3.2927156141132385e-06 2.8460391324079173 0.3130643045648709
2.3470662028949754e-06 2.808718342692241 0.30895901769614653
1.6732020698972172e-06 2.7718869309146945 0.3049075624006164
1.1922831830824433e-06 2.7355384853397875 0.30090923338737663
8.493176812916212e-07 2.6996666766073774 0.2969633344268115
6.053281535780476e-07 2.6642652572346917 0.2930691782958161
4.319525188120039e-07 2.629328060950526 0.28922608670455785
3.0816214141476367e-07 2.594849001763575 0.2854333901939933
2.1971695632307253e-07 2.560822072989565 0.28169042802885214
1.5666612177259873e-07 2.527241346423231 0.27799654810655544
1.1181582929252365e-07 2.4941009714512794 0.27435110685964076
7.97837221940844e-08 2.461395174003648 0.27075346914040127
5.689181528970234e-08 2.4291182555881212 0.26720300811469333
4.05630077212476e-08 2.3972645923763225 0.2636991051613955
2.8946583074234193e-08 2.3658286342817347 0.26024114977099083
2.0654281268759605e-08 2.334804903922051 0.25682853943142564
1.4729185111653349e-08 2.304187995690779 0.25346067952598567
1.05013460838744e-08 2.273972574861635 0.25013698323477984
7.493182154273644e-09 2.2441533766939683 0.24685687143633653
5.3467207979139855e-09 2.214725205440162 0.2436197725984178
3.812053640065527e-09 2.1856829334033323 0.24042512267436655
2.7001587832628485e-09 2.1570214993721994 0.23727236493094195
1.914019030205825e-09 2.1287359097437517 0.2341609500718127
1.4191947382337375e-09 2.10082123744397 0.2310903361188367
1.0991375325163822e-09 2.073272616581006 0.22805998782391065
9.131863937922078e-10 2.0460852482900638 0.22506937731190702
8.129818864200223e-10 2.0192543955424025 0.22211798350966427
7.23549699836993e-10 1.9927753819140086 0.21920529201054095
5.998560697911173e-10 1.9666435954720487 0.21633079550192535
4.466185388730237e-10 1.9408544815494475 0.21349399297043922
2.895472180965506e-10 1.9154035466914507 0.2106943901360596
1.6094643307013512e-10 1.8902863577587639 0.20793149935346403
7.098087135203044e-11 1.8654985358702152 0.20520483894572367
5.524013613630606e-11 1.8410357637327786 0.20251393401060563
1.2377238074223152e-10 1.8168937771505533 0.19985831548656086
2.7606163897387557e-10 1.7930683675853742 0.19723752043439116
5.176010980985364e-10 1.7695553851619321 0.19465109236781253
8.396309800572421e-10 1.7463507352304017 0.1920985808753442
1.212777872312589e-09 1.7234503773604244 0.18957954150964668
1.5962669030886574e-09 1.7008503226687368 0.18709353549356106
1.9354846628918128e-09 1.6785466323933176 0.18464012956326495
2.131385934886782e-09 1.6565354194803517 0.18221889614283868
2.046831614718568e-09 1.634812846219419 0.17982941308413608
1.5011013201832823e-09 1.6133751231440308 0.1774712635458434
4.0553815566612155e-10 1.5922185121396006 0.17514403633535608
-1.02948268597515e-09 1.5713393316746675 0.17284732648421344
-2.672971025595976e-09 1.5507339446056014 0.17058073390661616
-4.318187767419566e-09 1.5303987618647468 0.16834386380512215
-5.692499230651419e-09 1.5103302416305155 0.1661363265793567
-6.611187412328572e-09 1.4905248860926994 0.16395773747019693
-6.779202081757304e-09 1.4709792438835494 0.16180771682719045
-5.824144197055556e-09 1.4516899087875905 0.15968588996663496
-3.3546987487028845e-09 1.4326535188449403 0.15759188707294344
-1.1537665355974585e-10 1.413866757640646 0.15552534334047108
2.795156295915152e-09 1.3953263522619943 0.15348589874881938
4.137314269517756e-09 1.3770290722339436 0.1514731979457338
2.197720253262052e-09 1.3589717293942498 0.14948689023336748
-1.5228021558392832e-09 1.3411511771952416 0.14752662949147657
4.528670052476957e-10 1.323564310215589 0.14559207412371478
2.6903682538091095e-12 1.3062080645828387 0.14368288710411226
-5.8776299520014e-10 1.2890794159627255 0.1417987357558998
1.511711240420086e-10 1.2721753797025088 0.13993929176727596
-2.091423896133549e-11 1.2554930105669353 0.1381042311623629
-4.468789962907635e-10 1.2390294017219818 0.136293234189418
-2.232423373786048e-10 1.222781684435826 0.13450598528794086
3.05626709287182e-10 1.2067470276773877 0.13274217304451266
3.8056981489203506e-10 1.1909226376024704 0.13100149013627174
1.5110144398602657e-10 1.1753057569379346 0.1292836332631728
6.990352415170718e-11 1.159893664511507 0.12758830309626576
1.1767972904548311e-10 1.144683674874617 0.12591520423620786
1.1470288322921427e-10 1.1296731378178102 0.12426404515995912
4.8033996070762995e-11 1.114859437884999 0.12263453816734989
1.9657896491996737e-11 1.1002399938793328 0.12102639932672661
2.6365869947354545e-11 1.0858122584642538 0.11943934843106792
2.806672684490065e-11 1.071573717720834 0.11787310894929173
1.3123087305729453e-11 1.0575218907072972 0.1163274079778027
5.497214687704735e-12 1.0436543289842963 0.11480197618827259
6.279272597635063e-12 1.0299686162113675 0.11329654778325042
1.3218638817633617e-11 1.0164623670347983 0.11181086037382781
1.9873864951383093e-11 1.0031332277731457 0.11034465505504604
7.813222477944554e-12 0.9899788769720421 0.10889767646692464
-4.120488208533197e-11 0.976997023978211 0.10746967263760321
-1.0770593216129267e-10 0.9641854042851886 0.10606039447137075
-1.8500223372956678e-10 0.951541785797111 0.10466959643768221
-2.6800947566937e-10 0.9390639674416089 0.10329703641857699
-3.4377679130601623e-10 0.926749774802364 0.10194247522826004
-3.9136575007627624e-10 0.9145970600414245 0.1006056766045567
-3.893902443260383e-10 0.9026037067394924 0.09928640774134416
-3.1713064014199783e-10 0.890767627094649 0.09798443898041138
-1.9752431396254545e-10 0.8790867564463425 0.09669954320909767
-5.136214149829361e-11 0.8675590591097099 0.09543149650206809
1.0021381773426632e-10 0.8561825280574303 0.09418007808631734
2.322486812419736e-10 0.8449551821180629 0.09294507003298691
3.227537620650384e-10 0.8338750612180762 0.09172625673398838
3.3796499381416965e-10 0.8229402367284807 0.09052342604013287
2.4329451060545813e-10 0.8121488048891033 0.08933636853780137
4.452126215817675e-11 0.8014988836107668 0.08816487719718435
-2.494704875239426e-10 0.790988616393944 0.08700874780333384
-6.325027395590584e-10 0.7806161726856962 0.08586777899542658
-1.0879399941890923e-09 0.7703797460876428 0.08474177206964072
-1.5867769178744725e-09 0.760277553838575 0.08363053092224325
-2.0827201448027072e-09 0.7503078363328394 0.08253386199661233
-2.5110039158122296e-09 0.7404688565942849 0.08145157422537133
-2.789291485227487e-09 0.7307588997253878 0.08038347896979266
-2.814014145960321e-09 0.7211762724106751 0.07932938996517426
-2.45833777232184e-09 0.7117193024007765 0.07828912326408542
-1.6649052165594403e-09 0.7023863403289218 0.0772624974361814
-5.836503020382771e-10 0.693175762636657 0.07624933389003227
6.723641346460008e-10 0.6840859650990864 0.0752494561608995
1.9234540605500204e-09 0.6751153649059227 0.0742626901396515
2.9483141973645478e-09 0.6662624000160817 0.073288864001769
3.6185685936126493e-09 0.6575255269806926 0.07232780796787618
3.7054652267711605e-09 0.6489032232199924 0.07137935455419916
2.9288990738081715e-09 0.6403939860082163 0.0704433384609038
1.0356773078387428e-09 0.631996332150672 0.06951959653657391
-1.6183444863641447e-09 0.6237087988356042 0.06860796787191646
-4.639660809423441e-09 0.615529942153573 0.06770829363689304
-7.506165337762076e-09 0.6074583369561232 0.06682041706517355
-9.491357069031772e-09 0.5994925767503957 0.06594418344254353
-1.0309065558004761e-08 0.5916312735866807 0.06507944009453487
-9.619967506153703e-09 0.5838730576928554 0.06422603634621409
-6.902966943545048e-09 0.5762165771899618 0.0633838234908958
-1.6221092129100806e-09 0.5686604978732195 0.06255265476605415
5.188981675348405e-09 0.5612035032649543 0.06173238535914497
1.131494180018125e-08 0.5538442942834775 0.060922872371182525
1.4349463503572997e-08 0.5465815887945557 0.06012397476740112
1.0970456122569141e-08 0.539414121496954 0.05933555336466494
2.5612922210263073e-09 0.532340643348646 0.05855747076835106
4.178736336637307e-09 0.5253599208735122 0.057789591296086344
2.7844048061443136e-09 0.5184707386500234 0.05703178125150257
8.405708785283319e-10 0.5116718961222697 0.05628390857344967
1.4670198190991935e-09 0.5049622084089728 0.055545842924987
9.681895916426806e-10 0.49834050667230945 0.05481745573395404
-2.4789018488368097e-11 0.4918056370809084 0.05409862007889993
1.1182910264148217e-11 0.4853564608672499 0.05338921069539749
8.052205055871006e-10 0.47899185432393293 0.052689103975632624
8.909738873642841e-10 0.4727107085855707 0.05199817794441278
4.513507292184947e-10 0.4665119292012505 0.05131631221213755
2.3175026083340755e-10 0.46039443601868324 0.050643387962055156
2.7881426765504687e-10 0.4543571631042984 0.04997928794147283
2.5832534428621884e-10 0.4483990585369731 0.04932389643906704
1.323244235128919e-10 0.44251908416885943 0.04867709925857454
6.68677824935663e-11 0.4367162150479809 0.0480387836552779
6.53231193203673e-11 0.4309894412513142 0.04740883853764456
6.826330138735767e-11 0.42533776501979964 0.04678715415217796
4.140819102345063e-11 0.41976020060218605 0.04617362206624047
1.7721779023303937e-11 0.41425577676778275 0.0455681354444561
8.033132346240082e-12 0.40882353419952544 0.044970588761947795
7.997448487655756e-12 0.40346252550164224 0.04438087780518065
7.916034705279906e-12 0.39817181690570697 0.04379889985962777
6.091489819428382e-12 0.39295048525353127 0.04322455337788844
