73.864090508375 0.0 208.3705993241259
52.65213504270018 1.5091222663210158 148.53167295545722
37.53173294472819 2.565072114797929 105.87701863707824
26.753539728762217 3.2982490365349393 75.47173557483822
19.070579206082446 3.8016016238863384 53.79810394035858
13.593976556765325 4.141382525676076 38.348607866634985
9.690119799644089 4.364814956181865 27.335827954795977
6.907355016957631 4.505557491833491 19.485648502837478
4.923732038094868 4.587599576953068 13.889848079465624
3.5097569369806934 4.628038286350936 9.901024319222536
2.501840811323571 4.639057690673985 7.057692928743794
1.7833734805755894 4.6293397916027414 5.0308965887037385
1.2712323492393665 4.605070270852795 3.586146457204253
0.9061655919693722 4.570655412329211 2.5562931349455993
0.6459370550209752 4.529233141073429 1.8221884322141713
0.4604397725656242 4.483037303936368 1.2989005984076258
0.3282127608964651 4.433657337291927 0.9258881984889281
0.23395810444277207 4.3822233640059185 0.6599958126330601
0.16677107398506644 4.329538134580849 0.47046119971187245
0.11887851111630639 4.276171077576429 0.3353562798591003
0.08473951752666736 4.222525340585707 0.23905017894272865
0.06040440711414921 4.168885577994991 0.17040083246901494
0.04305774339371798 4.115452015388781 0.12146589411367842
0.03069261584348059 4.062364730243636 0.08658386929445876
0.02187845055140993 4.009720959754154 0.06171910900552741
0.015595496606002705 3.957587438069748 0.043994895925533635
0.01111685286127307 3.906009189464832 0.03136064192165133
0.007924365710254786 3.855015796479926 0.022354635668628754
0.005648682373937556 3.80462586731383 0.015934932976877845
0.004026519479045539 3.754850219853637 0.011358811450387465
0.002870201968433109 3.705694150983941 0.008096839752949801
0.00204595040722766 3.6571590537318897 0.005771626098789229
0.001458403677600111 3.6092435695900162 0.0041141567745099136
0.0010395862250587654 3.561944409521749 0.0029326727408907774
0.0007410425058872982 3.5152569388745425 0.0020904809091080684
0.000528232598625354 3.4691755937445365 0.0014901441607221239
0.0003765368120592132 3.4236941774109773 0.0010622103468190403
0.00026840457952865486 3.3788060714838024 0.0007571693188503354
0.00019132527572045857 3.3345043857960612 0.0005397286028074136
0.00013638120067398644 3.2907820649144712 0.0003847313671013158
9.7215807807833e-05 3.247631963711819 0.00027424579382589694
6.92977512747495e-05 3.2050469009039544 0.00019548895634606835
4.939800439961823e-05 3.1630196967199673 0.00013935177041132305
3.5212359711176604e-05 3.1215431997513043 9.933406674522921e-05
2.5100318984905483e-05 3.080610305141422 7.080799985641836e-05
1.7892156563647606e-05 3.0402139677097546 5.04737736660499e-05
1.2754400290647066e-05 3.0003472107374467 3.598016321991538e-05
9.091476180518442e-06 2.961003132072282 2.5647054305242527e-05
6.480441449273888e-06 2.92217490778491 1.828132532840164e-05
4.619420193502962e-06 2.883855794817915 1.3031384365871858e-05
3.2927156141132385e-06 2.8460391324079173 9.288750747413446e-06
2.3470662028949754e-06 2.808718342692241 6.621073758366726e-06
1.6732020698972172e-06 2.7718869309146945 4.72010303918005e-06
1.1922831830824433e-06 2.7355384853397875 3.3634308594755727e-06
8.493176812916212e-07 2.6996666766073774 2.3959251789236635e-06
6.053281535780476e-07 2.6642652572346917 1.7076307212436722e-06
4.319525188120039e-07 2.629328060950526 1.218538055568663e-06
3.0816214141476367e-07 2.594849001763575 8.693254009310484e-07
2.1971695632307253e-07 2.560822072989565 6.198215337873877e-07
1.5666612177259873e-07 2.527241346423231 4.4195512952050104e-07
1.1181582929252365e-07 2.4941009714512794 3.1543245443420923e-07
7.97837221940844e-08 2.461395174003648 2.250698803095121e-07
5.689181528970234e-08 2.4291182555881212 1.6049181093225032e-07
4.05630077212476e-08 2.3972645923763225 1.1442824478163948e-07
2.8946583074234193e-08 2.3658286342817347 8.165831085241467e-08
2.0654281268759605e-08 2.334804903922051 5.8265727459170846e-08
1.4729185111653349e-08 2.304187995690779 4.15510311999741e-08
1.05013460838744e-08 2.273972574861635 2.9624297302609687e-08
7.493182154273644e-09 2.2441533766939683 2.113826685720595e-08
5.3467207979139855e-09 2.214725205440162 1.5083099370915356e-08
3.812053640065527e-09 2.1856829334033323 1.0753803318624853e-08
2.7001587832628485e-09 2.1570214993721994 7.617147927584497e-09
1.914019030205825e-09 2.1287359097437517 5.399447684210632e-09
1.4191947382337375e-09 2.10082123744397 4.003548356557374e-09
1.0991375325163822e-09 2.073272616581006 3.1006669792287145e-09
9.131863937922078e-10 2.0460852482900638 2.5760988168878185e-09
8.129818864200223e-10 2.0192543955424025 2.2934219015908833e-09
7.23549699836993e-10 1.9927753819140086 2.0411337032401573e-09
5.998560697911173e-10 1.9666435954720487 1.692193972880742e-09
4.466185388730237e-10 1.9408544815494475 1.2599108981608e-09
2.895472180965506e-10 1.9154035466914507 8.168127022503694e-10
1.6094643307013512e-10 1.8902863577587639 4.540298876908512e-10
7.098087135203044e-11 1.8654985358702152 2.0023703808407788e-10
5.524013613630606e-11 1.8410357637327786 1.5583242404051941e-10
1.2377238074223152e-10 1.8168937771505533 3.4916188607383515e-10
2.7606163897387557e-10 1.7930683675853742 7.78769883545303e-10
5.176010980985364e-10 1.7695553851619321 1.4601526977359713e-09
8.396309800572421e-10 1.7463507352304017 2.36859899474148e-09
1.212777872312589e-09 1.7234503773604244 3.4212463777938137e-09
1.5962669030886574e-09 1.7008503226687368 4.503068933613103e-09
1.9354846628918128e-09 1.6785466323933176 5.460002234017804e-09
2.131385934886782e-09 1.6565354194803517 6.012639722315612e-09
2.046831614718568e-09 1.634812846219419 5.77411198512108e-09
1.5011013201832823e-09 1.6133751231440308 4.2346068242370396e-09
4.0553815566612155e-10 1.5922185121396006 1.144023137134129e-09
-1.02948268597515e-09 1.5713393316746675 -2.9041706571358982e-09
-2.672971025595976e-09 1.5507339446056014 -7.540451263206249e-09
-4.318187767419566e-09 1.5303987618647468 -1.2181607691890598e-08
-5.692499230651419e-09 1.5103302416305155 -1.6058540329667656e-08
-6.611187412328572e-09 1.4905248860926994 -1.8650159690178902e-08
-6.779202081757304e-09 1.4709792438835494 -1.9124129072637355e-08
-5.824144197055556e-09 1.4516899087875905 -1.6429910779893724e-08
-3.3546987487028845e-09 1.4326535188449403 -9.463605170090838e-09
-1.1537665355974585e-10 1.413866757640646 -3.254775396920431e-10
2.795156295915152e-09 1.3953263522619943 7.885135910776644e-09
4.137314269517756e-09 1.3770290722339436 1.1671363554309591e-08
2.197720253262052e-09 1.3589717293942498 6.199768834452249e-09
-1.5228021558392832e-09 1.3411511771952416 -4.295824881622618e-09
4.528670052476957e-10 1.323564310215589 1.2775378218037498e-09
2.6903682538091095e-12 1.3062080645828387 7.589528843995498e-12
-5.8776299520014e-10 1.2890794159627255 -1.658079409459595e-09
1.511711240420086e-10 1.2721753797025088 4.2645374092250633e-10
-2.091423896133549e-11 1.2554930105669353 -5.899906810992743e-11
-4.468789962907635e-10 1.2390294017219818 -1.260645648536244e-09
-2.232423373786048e-10 1.222781684435826 -6.297666337450442e-10
3.05626709287182e-10 1.2067470276773877 8.621729468991405e-10
3.8056981489203506e-10 1.1909226376024704 1.073587447810431e-09
1.5110144398602657e-10 1.1753057569379346 4.26257173484581e-10
6.990352415170718e-11 1.159893664511507 1.9719784163196595e-10
1.1767972904548311e-10 1.144683674874617 3.3197451563730786e-10
1.1470288322921427e-10 1.1296731378178102 3.2357683358961347e-10
4.8033996070762995e-11 1.114859437884999 1.3550390291562242e-10
1.9657896491996737e-11 1.1002399938793328 5.54549260039228e-11
2.6365869947354545e-11 1.0858122584642538 7.437811912148718e-11
2.806672684490065e-11 1.071573717720834 7.917623642946473e-11
1.3123087305729453e-11 1.0575218907072972 3.702022928946279e-11
5.497214687704735e-12 1.0436543289842963 1.550764263401506e-11
6.279272597635063e-12 1.0299686162113675 1.7713827997928516e-11
1.3218638817633617e-11 1.0164623670347983 3.7289780104544434e-11
1.9873864951383093e-11 1.0031332277731457 5.606417302785171e-11
7.813222477944554e-12 0.9899788769720421 2.204110061028159e-11
-4.120488208533197e-11 0.976997023978211 -1.162389723627215e-10
-1.0770593216129267e-10 0.9641854042851886 -3.0383843462700665e-10
-1.8500223372956678e-10 0.951541785797111 -5.21891301351108e-10
-2.6800947566937e-10 0.9390639674416089 -7.560547308632928e-10
-3.4377679130601623e-10 0.926749774802364 -9.697943282742718e-10
-3.9136575007627624e-10 0.9145970600414245 -1.1040427809651752e-09
-3.893902443260383e-10 0.9026037067394924 -1.0984698792437542e-09
-3.1713064014199783e-10 0.890767627094649 -8.94625535840576e-10
-1.9752431396254545e-10 0.8790867564463425 -5.572160896883407e-10
-5.136214149829361e-11 0.8675590591097099 -1.448926011666863e-10
1.0021381773426632e-10 0.8561825280574303 2.827031798283653e-10
2.322486812419736e-10 0.8449551821180629 6.551735297836075e-10
3.227537620650384e-10 0.8338750612180762 9.104883627854734e-10
3.3796499381416965e-10 0.8229402367284807 9.533992475497727e-10
2.4329451060545813e-10 0.8121488048891033 6.863338144179975e-10
4.452126215817675e-11 0.8014988836107668 1.2559448054821662e-10
-2.494704875239426e-10 0.790988616393944 -7.037562453050422e-10
-6.325027395590584e-10 0.7806161726856962 -1.784290228296104e-09
-1.0879399941890923e-09 0.7703797460876428 -3.0690787236074294e-09
-1.5867769178744725e-09 0.760277553838575 -4.476297685323887e-09
-2.0827201448027072e-09 0.7503078363328394 -5.875353528488438e-09
-2.5110039158122296e-09 0.7404688565942849 -7.0835420465063005e-09
-2.789291485227487e-09 0.7307588997253878 -7.868591279826742e-09
-2.814014145960321e-09 0.7211762724106751 -7.938333905754067e-09
-2.45833777232184e-09 0.7117193024007765 -6.934970855719911e-09
-1.6649052165594403e-09 0.7023863403289218 -4.696697615914181e-09
-5.836503020382771e-10 0.693175762636657 -1.6464775020499797e-09
6.723641346460008e-10 0.6840859650990864 1.896739223836368e-09
1.9234540605500204e-09 0.6751153649059227 5.426063904811608e-09
2.9483141973645478e-09 0.6662624000160817 8.31719435076539e-09
3.6185685936126493e-09 0.6575255269806926 1.0207982002581284e-08
3.7054652267711605e-09 0.6489032232199924 1.0453117404721445e-08
2.9288990738081715e-09 0.6403939860082163 8.262424287212853e-09
1.0356773078387428e-09 0.631996332150672 2.9216456854130934e-09
-1.6183444863641447e-09 0.6237087988356042 -4.5653497960332526e-09
-4.639660809423441e-09 0.615529942153573 -1.3088483143383527e-08
-7.506165337762076e-09 0.6074583369561232 -2.117489241782682e-08
-9.491357069031772e-09 0.5994925767503957 -2.6775118291738632e-08
-1.0309065558004761e-08 0.5916312735866807 -2.9081873939131433e-08
-9.619967506153703e-09 0.5838730576928554 -2.7137928334859598e-08
-6.902966943545048e-09 0.5762165771899618 -1.9473269747740583e-08
-1.6221092129100806e-09 0.5686604978732195 -4.575970089619338e-09
5.188981675348405e-09 0.5612035032649543 1.4638117306157851e-08
1.131494180018125e-08 0.5538442942834775 3.191945081831131e-08
1.4349463503572997e-08 0.5465815887945557 4.0479836543579427e-08
1.0970456122569141e-08 0.539414121496954 3.094765672176755e-08
2.5612922210263073e-09 0.532340643348646 7.225405355515213e-09
4.178736336637307e-09 0.5253599208735122 1.1788215205653843e-08
2.7844048061443136e-09 0.5184707386500234 7.85480595813311e-09
8.405708785283319e-10 0.5116718961222697 2.3712504483284245e-09
1.4670198190991935e-09 0.5049622084089728 4.138462909678825e-09
9.681895916426806e-10 0.49834050667230945 2.731262838024002e-09
-2.4789018488368097e-11 0.4918056370809084 -6.992982115568641e-11
1.1182910264148217e-11 0.4853564608672499 3.154698985516212e-11
8.052205055871006e-10 0.47899185432393293 2.271527046261211e-09
8.909738873642841e-10 0.4727107085855707 2.513437336254646e-09
4.513507292184947e-10 0.4665119292012505 1.2732604071253736e-09
2.3175026083340755e-10 0.46039443601868324 6.537674858110427e-10
2.7881426765504687e-10 0.4543571631042984 7.865350490548872e-10
2.5832534428621884e-10 0.4483990585369731 7.287357962314234e-10
1.323244235128919e-10 0.44251908416885943 3.732871987298681e-10
6.68677824935663e-11 0.4367162150479809 1.8863401441435054e-10
6.53231193203673e-11 0.4309894412513142 1.8427651960275614e-10
6.826330138735767e-11 0.42533776501979964 1.9257077321373601e-10
4.140819102345063e-11 0.41976020060218605 1.1681250687715423e-10
1.7721779023303937e-11 0.41425577676778275 4.999313862474041e-11
8.033132346240082e-12 0.40882353419952544 2.266146634874327e-11
7.997448487655756e-12 0.40346252550164224 2.256080218367689e-11
7.916034705279906e-12 0.39817181690570697 2.2331133903594614e-11
6.091489819428382e-12 0.39295048525353127 1.7184092780607468e-11
