73.864090508375 0.0 208.3705993241259
52.65213504270018 1.5091222663210158 148.3656695061619
37.53173294472819 2.565072114797929 105.59486070445047
26.753539728762217 3.2982490365349393 75.10892818081938
19.070579206082446 3.8016016238863384 53.37992776173108
13.593976556765325 4.141382525676076 37.893055788810614
9.690119799644089 4.364814956181865 26.855698309615974
6.907355016957631 4.505557491833491 18.990037178735793
4.923732038094868 4.587599576953068 13.385212126000786
3.5097569369806934 4.628038286350936 9.391940107723933
2.501840811323571 4.639057690673985 6.547396582769656
1.7833734805755894 4.6293397916027414 4.521669211627437
1.2712323492393665 4.605070270852795 3.0795887274104454
0.9061655919693722 4.570655412329211 2.053521039589386
0.6459370550209752 4.529233141073429 1.323972786696094
0.4604397725656242 4.483037303936368 0.8057664949746254
0.3282127608964651 4.433657337291927 0.43818589138681613
0.23395810444277207 4.3822233640059185 0.17795124259240902
0.16677107398506644 4.329538134580849 -0.005787995092020937
0.11887851111630639 4.276171077576429 -0.1350225386743068
0.08473951752666736 4.222525340585707 -0.22542760852169916
0.06040440711414921 4.168885577994991 -0.28817658111043404
0.04305774339371798 4.115452015388781 -0.33123382757908754
0.03069261584348059 4.062364730243636 -0.3602762510323412
0.02187845055140993 4.009720959754154 -0.3793501965674295
0.015595496606002705 3.957587438069748 -0.3913397222621387
0.01111685286127307 3.906009189464832 -0.3983003689194802
0.007924365710254786 3.855015796479926 -0.4016971019441631
0.005648682373937556 3.80462586731383 -0.4025739124276434
0.004026519479045539 3.754850219853637 -0.4016747127335126
0.002870201968433109 3.705694150983941 -0.39952951685528376
0.00204595040722766 3.6571590537318897 -0.39651586981171866
0.001458403677600111 3.6092435695900162 -0.39290263588039187
0.0010395862250587654 3.561944409521749 -0.38888121230650163
0.0007410425058872982 3.5152569388745425 -0.3845877823670916
0.000528232598625354 3.4691755937445365 -0.3801191711511769
0.0003765368120592132 3.4236941774109773 -0.37554414916838846
0.00026840457952865486 3.3788060714838024 -0.37091149854436795
0.00019132527572045857 3.3345043857960612 -0.3662557538347593
0.00013638120067398644 3.2907820649144712 -0.36160129577349054
9.7215807807833e-05 3.247631963711819 -0.35696527021447416
6.92977512747495e-05 3.2050469009039544 -0.3523596701430889
4.939800439961823e-05 3.1630196967199673 -0.3477928148687851
3.5212359711176604e-05 3.1215431997513043 -0.34327041790589824
2.5100318984905483e-05 3.080610305141422 -0.3387963255657
1.7892156563647606e-05 3.0402139677097546 -0.3343730626744069
1.2754400290647066e-05 3.0003472107374467 -0.3300022130178992
9.091476180518442e-06 2.961003132072282 -0.32568469747364576
6.480441449273888e-06 2.92217490778491 -0.3214209585310117
4.619420193502962e-06 2.883855794817915 -0.3172111060456048
3.2927156141132385e-06 2.8460391324079173 -0.3130550158141235
2.3470662028949754e-06 2.808718342692241 -0.30895239662238816
1.6732020698972172e-06 2.7718869309146945 -0.3049028422975772
1.1922831830824433e-06 2.7355384853397875 -0.30090586995651714
8.493176812916212e-07 2.6996666766073774 -0.2969609385016326
6.053281535780476e-07 2.6642652572346917 -0.2930674706650948
4.319525188120039e-07 2.629328060950526 -0.2892248681665023
3.0816214141476367e-07 2.594849001763575 -0.28543252086859233
2.1971695632307253e-07 2.560822072989565 -0.28168980820731837
1.5666612177259873e-07 2.527241346423231 -0.27799610615142595
1.1181582929252365e-07 2.4941009714512794 -0.2743507914271863
7.97837221940844e-08 2.461395174003648 -0.270753244070521
5.689181528970234e-08 2.4291182555881212 -0.2672028476228824
4.05630077212476e-08 2.3972645923763225 -0.26369899073315073
2.8946583074234193e-08 2.3658286342817347 -0.26024106811268
2.0654281268759605e-08 2.334804903922051 -0.2568284811656982
1.4729185111653349e-08 2.304187995690779 -0.25346063797495444
1.05013460838744e-08 2.273972574861635 -0.25013695361048255
7.493182154273644e-09 2.2441533766939683 -0.24685685029806967
5.3467207979139855e-09 2.214725205440162 -0.24361975751531842
3.812053640065527e-09 2.1856829334033323 -0.24042511192056323
2.7001587832628485e-09 2.1570214993721994 -0.237272357313794
1.914019030205825e-09 2.1287359097437517 -0.234160944672365
1.4191947382337375e-09 2.10082123744397 -0.23109033211528834
1.0991375325163822e-09 2.073272616581006 -0.22805998472324368
9.131863937922078e-10 2.0460852482900638 -0.2250693747358082
8.129818864200223e-10 2.0192543955424025 -0.22211798121624238
7.23549699836993e-10 1.9927753819140086 -0.21920528996940725
5.998560697911173e-10 1.9666435954720487 -0.2163307938097314
4.466185388730237e-10 1.9408544815494475 -0.21349399171052832
2.895472180965506e-10 1.9154035466914507 -0.2106943893192469
1.6094643307013512e-10 1.8902863577587639 -0.20793149889943413
7.098087135203044e-11 1.8654985358702152 -0.20520483874548662
5.524013613630606e-11 1.8410357637327786 -0.2025139338547732
1.2377238074223152e-10 1.8168937771505533 -0.19985831513739896
2.7606163897387557e-10 1.7930683675853742 -0.19723751965562128
5.176010980985364e-10 1.7695553851619321 -0.19465109090765984
8.396309800572421e-10 1.7463507352304017 -0.19209857850674522
1.212777872312589e-09 1.7234503773604244 -0.1895795380884003
1.5962669030886574e-09 1.7008503226687368 -0.1870935309904921
1.9354846628918128e-09 1.6785466323933176 -0.18464012410326272
2.131385934886782e-09 1.6565354194803517 -0.18221889013019896
2.046831614718568e-09 1.634812846219419 -0.1798294073100241
1.5011013201832823e-09 1.6133751231440308 -0.17747125931123656
4.0553815566612155e-10 1.5922185121396006 -0.17514403519133295
-1.02948268597515e-09 1.5713393316746675 -0.1728473293883841
-2.672971025595976e-09 1.5507339446056014 -0.17058074144706742
-4.318187767419566e-09 1.5303987618647468 -0.16834387598672984
-5.692499230651419e-09 1.5103302416305155 -0.16613634263789703
-6.611187412328572e-09 1.4905248860926994 -0.16395775612035662
-6.779202081757304e-09 1.4709792438835494 -0.16180773595131953
-5.824144197055556e-09 1.4516899087875905 -0.15968590639654576
-3.3546987487028845e-09 1.4326535188449403 -0.15759189653654862
-1.1537665355974585e-10 1.413866757640646 -0.1555253436659486
2.795156295915152e-09 1.3953263522619943 -0.15348589086368347
4.137314269517756e-09 1.3770290722339436 -0.15147318627437026
2.197720253262052e-09 1.3589717293942498 -0.14948688403359864
-1.5228021558392832e-09 1.3411511771952416 -0.14752663378730146
4.528670052476957e-10 1.323564310215589 -0.14559207284617695
2.6903682538091095e-12 1.3062080645828387 -0.14368288709652272
-5.8776299520014e-10 1.2890794159627255 -0.1417987374139792
1.511711240420086e-10 1.2721753797025088 -0.13993929134082222
-2.091423896133549e-11 1.2554930105669353 -0.13810423122136195
-4.468789962907635e-10 1.2390294017219818 -0.13629323545006364
-2.232423373786048e-10 1.222781684435826 -0.1345059859177075
3.05626709287182e-10 1.2067470276773877 -0.13274217218233972
3.8056981489203506e-10 1.1909226376024704 -0.1310014890626843
1.5110144398602657e-10 1.1753057569379346 -0.12928363283691563
6.990352415170718e-11 1.159893664511507 -0.12758830289906792
1.1767972904548311e-10 1.144683674874617 -0.12591520390423336
1.1470288322921427e-10 1.1296731378178102 -0.12426404483638229
4.8033996070762995e-11 1.114859437884999 -0.12263453803184599
1.9657896491996737e-11 1.1002399938793328 -0.12102639927127168
2.6365869947354545e-11 1.0858122584642538 -0.1194393483566898
2.806672684490065e-11 1.071573717720834 -0.1178731088701155
1.3123087305729453e-11 1.0575218907072972 -0.11632740794078246
5.497214687704735e-12 1.0436543289842963 -0.11480197617276496
6.279272597635063e-12 1.0299686162113675 -0.11329654776553659
1.3218638817633617e-11 1.0164623670347983 -0.11181086033653803
1.9873864951383093e-11 1.0031332277731457 -0.11034465499898187
7.813222477944554e-12 0.9899788769720421 -0.10889767644488353
-4.120488208533197e-11 0.976997023978211 -0.10746967275384219
-1.0770593216129267e-10 0.9641854042851886 -0.10606039477520919
-1.8500223372956678e-10 0.951541785797111 -0.10466959695957352
-2.6800947566937e-10 0.9390639674416089 -0.10329703717463172
-3.4377679130601623e-10 0.926749774802364 -0.10194247619805437
-3.9136575007627624e-10 0.9145970600414245 -0.10060567770859949
-3.893902443260383e-10 0.9026037067394924 -0.09928640883981404
-3.1713064014199783e-10 0.890767627094649 -0.09798443987503692
-1.9752431396254545e-10 0.8790867564463425 -0.09669954376631376
-5.136214149829361e-11 0.8675590591097099 -0.09543149664696068
1.0021381773426632e-10 0.8561825280574303 -0.09418007780361416
2.322486812419736e-10 0.8449551821180629 -0.09294506937781338
3.227537620650384e-10 0.8338750612180762 -0.09172625582350001
3.3796499381416965e-10 0.8229402367284807 -0.09052342508673362
2.4329451060545813e-10 0.8121488048891033 -0.08933636785146756
4.452126215817675e-11 0.8014988836107668 -0.08816487707158988
-2.494704875239426e-10 0.790988616393944 -0.08700874850709009
-6.325027395590584e-10 0.7806161726856962 -0.08586778077971681
-1.0879399941890923e-09 0.7703797460876428 -0.08474177513871944
-1.5867769178744725e-09 0.760277553838575 -0.08363053539854093
-2.0827201448027072e-09 0.7503078363328394 -0.08253386787196586
-2.5110039158122296e-09 0.7404688565942849 -0.08145158130891338
-2.789291485227487e-09 0.7307588997253878 -0.08038348683838394
-2.814014145960321e-09 0.7211762724106751 -0.07932939790350817
-2.45833777232184e-09 0.7117193024007765 -0.07828913019905628
-1.6649052165594403e-09 0.7023863403289218 -0.07726250213287901
-5.836503020382771e-10 0.693175762636657 -0.07624933553650977
6.723641346460008e-10 0.6840859650990864 -0.07524945426416027
1.9234540605500204e-09 0.6751153649059227 -0.0742626847135876
2.9483141973645478e-09 0.6662624000160817 -0.07328885568457465
3.6185685936126493e-09 0.6575255269806926 -0.07232779775989417
3.7054652267711605e-09 0.6489032232199924 -0.07137934410108177
2.9288990738081715e-09 0.6403939860082163 -0.07044333019847951
1.0356773078387428e-09 0.631996332150672 -0.06951959361492822
-1.6183444863641447e-09 0.6237087988356042 -0.06860797243726625
-4.639660809423441e-09 0.615529942153573 -0.06770830672537619
-7.506165337762076e-09 0.6074583369561232 -0.06682043824006598
-9.491357069031772e-09 0.5994925767503957 -0.06594421021766182
-1.0309065558004761e-08 0.5916312735866807 -0.0650794691764088
-9.619967506153703e-09 0.5838730576928554 -0.06422606348414242
-6.902966943545048e-09 0.5762165771899618 -0.06338384296416555
-1.6221092129100806e-09 0.5686604978732195 -0.06255265934202424
5.188981675348405e-09 0.5612035032649543 -0.06173237072102766
1.131494180018125e-08 0.5538442942834775 -0.06092284045173171
1.4349463503572997e-08 0.5465815887945557 -0.06012393428756457
1.0970456122569141e-08 0.539414121496954 -0.05933552241700822
2.5612922210263073e-09 0.532340643348646 -0.0585574635429457
4.178736336637307e-09 0.5253599208735122 -0.05778957950787114
2.7844048061443136e-09 0.5184707386500234 -0.057031773396696614
8.405708785283319e-10 0.5116718961222697 -0.056283906202199224
1.4670198190991935e-09 0.5049622084089728 -0.05554583878652409
9.681895916426806e-10 0.49834050667230945 -0.0548174530026912
-2.4789018488368097e-11 0.4918056370809084 -0.05409862014882975
1.1182910264148217e-11 0.4853564608672499 -0.0533892106638505
8.052205055871006e-10 0.47899185432393293 -0.05268910170410558
8.909738873642841e-10 0.4727107085855707 -0.051998175430975443
4.513507292184947e-10 0.4665119292012505 -0.05131631093887715
2.3175026083340755e-10 0.46039443601868324 -0.05064338730828767
2.7881426765504687e-10 0.4543571631042984 -0.049979287154937775
2.5832534428621884e-10 0.4483990585369731 -0.049323895710331245
1.323244235128919e-10 0.44251908416885943 -0.04867709888528734
6.68677824935663e-11 0.4367162150479809 -0.04803878346664389
6.53231193203673e-11 0.4309894412513142 -0.047408838353368045
6.826330138735767e-11 0.42533776501979964 -0.04678715395960719
4.140819102345063e-11 0.41976020060218605 -0.046173621949427965
1.7721779023303937e-11 0.41425577676778275 -0.04556813539446296
8.033132346240082e-12 0.40882353419952544 -0.04497058873928633
7.997448487655756e-12 0.40346252550164224 -0.04438087778261985
7.916034705279906e-12 0.39817181690570697 -0.04379889983729663
6.091489819428382e-12 0.39295048525353127 -0.04322455336070435
