0.000000000000000000e+00
1.660034492953117446e-01
2.821579326277722233e-01
3.628073940188433211e-01
4.181761786274972303e-01
4.555520778243683511e-01
4.801296451800051712e-01
4.956113241016840143e-01
5.046359534648375833e-01
5.090842114986029454e-01
5.102963459741383101e-01
5.092273770763016127e-01
5.065577297938074208e-01
5.027720953562132555e-01
4.982156455180771770e-01
4.931341034330004591e-01
4.877023071021119871e-01
4.820445700406510436e-01
4.762491948038933831e-01
4.703788185334071281e-01
4.644777874644278048e-01
4.585774135794489781e-01
4.526997216927659551e-01
4.468601203267999478e-01
4.410693055729569267e-01
4.353346181876723286e-01
4.296610108411315077e-01
4.240517376127918570e-01
4.185088454045212680e-01
4.130335241839000471e-01
4.076263566082335421e-01
4.022874959105078863e-01
3.970167926549018067e-01
3.918138850473923962e-01
3.866782632761996963e-01
3.816093153118990111e-01
3.766063595152074894e-01
3.716686678632182828e-01
3.667954824375667111e-01
3.619860271405918595e-01
3.572395160083000620e-01
3.525551590994349671e-01
3.479321666391964052e-01
3.433697519726434666e-01
3.388671335655564221e-01
3.344235364480729888e-01
3.300381931811191549e-01
3.257103445279510012e-01
3.214392398563400977e-01
3.172241374299706873e-01
3.130643045648708878e-01
3.089590176961465318e-01
3.049075624006163943e-01
3.009092333873766290e-01
2.969633344268114983e-01
2.930691782958160796e-01
2.892260867045578498e-01
2.854333901939932749e-01
2.816904280288521356e-01
2.779965481065554411e-01
2.743511068596407587e-01
2.707534691404012706e-01
2.672030081146933300e-01
2.636991051613954973e-01
2.602411497709908317e-01
2.568285394314256398e-01
2.534606795259856660e-01
2.501369832347798416e-01
2.468568714363365280e-01
2.436197725984177997e-01
2.404251226743665537e-01
2.372723649309419480e-01
2.341609500718127013e-01
2.310903361188366978e-01
2.280599878239106537e-01
2.250693773119070151e-01
2.221179835096642741e-01
2.192052920105409530e-01
2.163307955019253548e-01
2.134939929704392225e-01
2.106943901360595894e-01
2.079314993534640277e-01
2.052048389457236666e-01
2.025139340106056340e-01
1.998583154865608558e-01
1.972375204343911614e-01
1.946510923678125282e-01
1.920985808753442048e-01
1.895795415096466763e-01
1.870935354935610584e-01
1.846401295632649486e-01
1.822188961428386766e-01
1.798294130841360805e-01
1.774712635458433885e-01
1.751440363353560792e-01
1.728473264842134427e-01
1.705807339066161554e-01
1.683438638051221459e-01
1.661363265793567023e-01
1.639577374701969292e-01
1.618077168271904454e-01
1.596858899666349640e-01
1.575918870729434429e-01
1.555253433404710783e-01
1.534858987488193771e-01
1.514731979457338007e-01
1.494868902333674754e-01
1.475266294914765741e-01
1.455920741237147764e-01
1.436828871041122557e-01
1.417987357558997963e-01
1.399392917672759584e-01
1.381042311623628949e-01
1.362932341894179944e-01
1.345059852879408602e-01
1.327421730445126624e-01
1.310014901362717421e-01
1.292836332631727980e-01
1.275883030962657594e-01
1.259152042362078616e-01
1.242640451599591189e-01
1.226345381673498852e-01
1.210263993267266108e-01
1.194393484310679182e-01
1.178731089492917328e-01
1.163274079778026937e-01
1.148019761882725920e-01
1.132965477832504203e-01
1.118108603738278140e-01
1.103446550550460370e-01
1.088976764669246367e-01
1.074696726376032085e-01
1.060603944713707503e-01
1.046695964376822136e-01
1.032970364185769874e-01
1.019424752282600405e-01
1.006056766045567014e-01
9.928640774134415981e-02
9.798443898041138411e-02
9.669954320909766865e-02
9.543149650206808610e-02
9.418007808631734257e-02
9.294507003298690950e-02
9.172625673398837609e-02
9.052342604013287330e-02
8.933636853780137221e-02
8.816487719718435478e-02
8.700874780333384129e-02
8.586777899542658021e-02
8.474177206964071674e-02
8.363053092224324858e-02
8.253386199661233436e-02
8.145157422537133152e-02
8.038347896979265716e-02
7.932938996517426011e-02
7.828912326408542233e-02
7.726249743618139598e-02
7.624933389003227258e-02
7.524945616089949441e-02
7.426269013965150489e-02
7.328886400176899685e-02
7.232780796787617594e-02
7.137935455419916475e-02
7.044333846090379547e-02
6.951959653657391325e-02
6.860796787191646151e-02
6.770829363689304103e-02
6.682041706517355406e-02
6.594418344254353304e-02
6.507944009453486833e-02
6.422603634621408542e-02
6.338382349089580203e-02
6.255265476605414987e-02
6.173238535914497144e-02
6.092287237118252513e-02
6.012397476740111851e-02
5.933555336466494329e-02
5.855747076835105674e-02
5.778959129608634421e-02
5.703178125150257238e-02
5.628390857344967024e-02
5.554584292498700171e-02
5.481745573395403748e-02
5.409862007889992830e-02
5.338921069539748904e-02
5.268910397563262432e-02
5.199817794441277674e-02
5.131631221213755339e-02
5.064338796205515580e-02
4.997928794147282749e-02
4.932389643906703869e-02
4.867709925857453823e-02
4.803878365527790295e-02
4.740883853764456257e-02
4.678715415217796214e-02
4.617362206624046894e-02
4.556813544445609959e-02
4.497058876194779536e-02
4.438087780518065045e-02
4.379889985962776705e-02
4.322455337788844165e-02
