2.083705993241258909e+02
1.483656695061619075e+02
1.055948607044504683e+02
7.510892818081937605e+01
5.337992776173108211e+01
3.789305578881061365e+01
2.685569830961597404e+01
1.899003717873579333e+01
1.338521212600078591e+01
9.391940107723932840e+00
6.547396582769655637e+00
4.521669211627436624e+00
3.079588727410445426e+00
2.053521039589385921e+00
1.323972786696093973e+00
8.057664949746253802e-01
4.381858913868161287e-01
1.779512425924090202e-01
-5.787995092020936649e-03
-1.350225386743068023e-01
-2.254276085216991576e-01
-2.881765811104340380e-01
-3.312338275790875364e-01
-3.602762510323411771e-01
-3.793501965674295207e-01
-3.913397222621387006e-01
-3.983003689194801744e-01
-4.016971019441630819e-01
-4.025739124276433989e-01
-4.016747127335125733e-01
-3.995295168552837617e-01
-3.965158698117186575e-01
-3.929026358803918706e-01
-3.888812123065016335e-01
-3.845877823670916240e-01
-3.801191711511768823e-01
-3.755441491683884636e-01
-3.709114985443679458e-01
-3.662557538347592789e-01
-3.616012957734905386e-01
-3.569652702144741618e-01
-3.523596701430888878e-01
-3.477928148687851051e-01
-3.432704179058982397e-01
-3.387963255656999961e-01
-3.343730626744069179e-01
-3.300022130178992263e-01
-3.256846974736457567e-01
-3.214209585310117134e-01
-3.172111060456048182e-01
-3.130550158141234829e-01
-3.089523966223881590e-01
-3.049028422975771924e-01
-3.009058699565171358e-01
-2.969609385016325764e-01
-2.930674706650948091e-01
-2.892248681665022803e-01
-2.854325208685923321e-01
-2.816898082073183707e-01
-2.779961061514259479e-01
-2.743507914271863246e-01
-2.707532440705209820e-01
-2.672028476228823779e-01
-2.636989907331507288e-01
-2.602410681126799963e-01
-2.568284811656981748e-01
-2.534606379749544391e-01
-2.501369536104825486e-01
-2.468568502980696688e-01
-2.436197575153184192e-01
-2.404251119205632337e-01
-2.372723573137940078e-01
-2.341609446723650068e-01
-2.310903321152883438e-01
-2.280599847232436805e-01
-2.250693747358082086e-01
-2.221179812162423772e-01
-2.192052899694072465e-01
-2.163307938097313865e-01
-2.134939917105283247e-01
-2.106943893192468886e-01
-2.079314988994341307e-01
-2.052048387454866174e-01
-2.025139338547732037e-01
-1.998583151373989619e-01
-1.972375196556212795e-01
-1.946510909076598350e-01
-1.920985785067452212e-01
-1.895795380884003067e-01
-1.870935309904921129e-01
-1.846401241032627205e-01
-1.822188901301989572e-01
-1.798294073100240864e-01
-1.774712593112365566e-01
-1.751440351913329529e-01
-1.728473293883840967e-01
-1.705807414470674188e-01
-1.683438759867298407e-01
-1.661363426378970332e-01
-1.639577561203566236e-01
-1.618077359513195312e-01
-1.596859063965457570e-01
-1.575918965365486202e-01
-1.555253436659486121e-01
-1.534858908636834718e-01
-1.514731862743702584e-01
-1.494868840335986382e-01
-1.475266337873014644e-01
-1.455920728461769509e-01
-1.436828870965227156e-01
-1.417987374139791923e-01
-1.399392913408222250e-01
-1.381042312213619505e-01
-1.362932354500636378e-01
-1.345059859177074879e-01
-1.327421721823397183e-01
-1.310014890626843009e-01
-1.292836328369156296e-01
-1.275883028990679180e-01
-1.259152039042333582e-01
-1.242640448363822869e-01
-1.226345380318459855e-01
-1.210263992712716785e-01
-1.194393483566898034e-01
-1.178731088701154978e-01
-1.163274079407824596e-01
-1.148019761727649551e-01
-1.132965477655365899e-01
-1.118108603365380316e-01
-1.103446549989818698e-01
-1.088976764448835316e-01
-1.074696727538421853e-01
-1.060603947752091908e-01
-1.046695969595735215e-01
-1.032970371746317201e-01
-1.019424761980543687e-01
-1.006056777085994891e-01
-9.928640883981404430e-02
-9.798443987503692443e-02
-9.669954376631376136e-02
-9.543149664696068402e-02
-9.418007780361416226e-02
-9.294506937781338296e-02
-9.172625582350001083e-02
-9.052342508673362487e-02
-8.933636785146756298e-02
-8.816487707158987552e-02
-8.700874850709008901e-02
-8.586778077971680967e-02
-8.474177513871944400e-02
-8.363053539854092833e-02
-8.253386787196585750e-02
-8.145158130891337611e-02
-8.038348683838393571e-02
-7.932939790350816700e-02
-7.828913019905628379e-02
-7.726250213287901014e-02
-7.624933553650976858e-02
-7.524945426416027039e-02
-7.426268471358760115e-02
-7.328885568457464694e-02
-7.232779775989417459e-02
-7.137934410108176531e-02
-7.044333019847950905e-02
-6.951959361492822398e-02
-6.860797243726625416e-02
-6.770830672537618555e-02
-6.682043824006597688e-02
-6.594421021766182223e-02
-6.507946917640880513e-02
-6.422606348414242050e-02
-6.338384296416554875e-02
-6.255265934202423883e-02
-6.173237072102766287e-02
-6.092284045173170653e-02
-6.012393428756457325e-02
-5.933552241700822127e-02
-5.855746354294569939e-02
-5.778957950787114162e-02
-5.703177339669661394e-02
-5.628390620219922424e-02
-5.554583878652408907e-02
-5.481745300269119658e-02
-5.409862014882974718e-02
-5.338921066385050179e-02
-5.268910170410558147e-02
-5.199817543097544348e-02
-5.131631093887714656e-02
-5.064338730828767121e-02
-4.997928715493777513e-02
-4.932389571033124476e-02
-4.867709888528733847e-02
-4.803878346664389176e-02
-4.740883835336804492e-02
-4.678715395960719031e-02
-4.617362194942796483e-02
-4.556813539446295802e-02
-4.497058873928633238e-02
-4.438087778261985000e-02
-4.379889983729663011e-02
-4.322455336070434723e-02
