2.083705993241258909e+02
1.485316729554572248e+02
1.058770186370782369e+02
7.547173557483822037e+01
5.379810394035857968e+01
3.834860786663498544e+01
2.733582795479597749e+01
1.948564850283747774e+01
1.388984807946562405e+01
9.901024319222536008e+00
7.057692928743794170e+00
5.030896588703738459e+00
3.586146457204252957e+00
2.556293134945599288e+00
1.822188432214171261e+00
1.298900598407625839e+00
9.258881984889281158e-01
6.599958126330600638e-01
4.704611997118724465e-01
3.353562798591003258e-01
2.390501789427286472e-01
1.704008324690149401e-01
1.214658941136784187e-01
8.658386929445875679e-02
6.171910900552741303e-02
4.399489592553363498e-02
3.136064192165133324e-02
2.235463566862875423e-02
1.593493297687784485e-02
1.135881145038746508e-02
8.096839752949801239e-03
5.771626098789228720e-03
4.114156774509913558e-03
2.932672740890777431e-03
2.090480909108068368e-03
1.490144160722123865e-03
1.062210346819040347e-03
7.571693188503353768e-04
5.397286028074136386e-04
3.847313671013157898e-04
2.742457938258969444e-04
1.954889563460683458e-04
1.393517704113230490e-04
9.933406674522921118e-05
7.080799985641836466e-05
5.047377366604990153e-05
3.598016321991537786e-05
2.564705430524252691e-05
1.828132532840163864e-05
1.303138436587185801e-05
9.288750747413446166e-06
6.621073758366726205e-06
4.720103039180050021e-06
3.363430859475572665e-06
2.395925178923663455e-06
1.707630721243672235e-06
1.218538055568662918e-06
8.693254009310483510e-07
6.198215337873876960e-07
4.419551295205010387e-07
3.154324544342092266e-07
2.250698803095120903e-07
1.604918109322503159e-07
1.144282447816394848e-07
8.165831085241466565e-08
5.826572745917084596e-08
4.155103119997410196e-08
2.962429730260968692e-08
2.113826685720595110e-08
1.508309937091535563e-08
1.075380331862485331e-08
7.617147927584496941e-09
5.399447684210632221e-09
4.003548356557373995e-09
3.100666979228714457e-09
2.576098816887818499e-09
2.293421901590883294e-09
2.041133703240157349e-09
1.692193972880741920e-09
1.259910898160800017e-09
8.168127022503693901e-10
4.540298876908511930e-10
2.002370380840778759e-10
1.558324240405194132e-10
3.491618860738351520e-10
7.787698835453030052e-10
1.460152697735971302e-09
2.368598994741480043e-09
3.421246377793813718e-09
4.503068933613103235e-09
5.460002234017803977e-09
6.012639722315612328e-09
5.774111985121079886e-09
4.234606824237039562e-09
1.144023137134129032e-09
-2.904170657135898250e-09
-7.540451263206248607e-09
-1.218160769189059773e-08
-1.605854032966765565e-08
-1.865015969017890232e-08
-1.912412907263735454e-08
-1.642991077989372439e-08
-9.463605170090837612e-09
-3.254775396920430863e-10
7.885135910776644123e-09
1.167136355430959114e-08
6.199768834452248718e-09
-4.295824881622618152e-09
1.277537821803749758e-09
7.589528843995498373e-12
-1.658079409459595032e-09
4.264537409225063268e-10
-5.899906810992742575e-11
-1.260645648536243981e-09
-6.297666337450441644e-10
8.621729468991405321e-10
1.073587447810431024e-09
4.262571734845809884e-10
1.971978416319659516e-10
3.319745156373078628e-10
3.235768335896134710e-10
1.355039029156224156e-10
5.545492600392280064e-11
7.437811912148717561e-11
7.917623642946473265e-11
3.702022928946279020e-11
1.550764263401505885e-11
1.771382799792851590e-11
3.728978010454443368e-11
5.606417302785171075e-11
2.204110061028159107e-11
-1.162389723627214954e-10
-3.038384346270066478e-10
-5.218913013511079667e-10
-7.560547308632928037e-10
-9.697943282742717751e-10
-1.104042780965175248e-09
-1.098469879243754173e-09
-8.946255358405759802e-10
-5.572160896883406993e-10
-1.448926011666863016e-10
2.827031798283653130e-10
6.551735297836075160e-10
9.104883627854733897e-10
9.533992475497727436e-10
6.863338144179974612e-10
1.255944805482166173e-10
-7.037562453050421655e-10
-1.784290228296103931e-09
-3.069078723607429363e-09
-4.476297685323887394e-09
-5.875353528488437643e-09
-7.083542046506300481e-09
-7.868591279826741988e-09
-7.938333905754067101e-09
-6.934970855719911286e-09
-4.696697615914180935e-09
-1.646477502049979703e-09
1.896739223836368190e-09
5.426063904811607651e-09
8.317194350765389436e-09
1.020798200258128365e-08
1.045311740472144476e-08
8.262424287212852536e-09
2.921645685413093426e-09
-4.565349796033252577e-09
-1.308848314338352667e-08
-2.117489241782681899e-08
-2.677511829173863243e-08
-2.908187393913143303e-08
-2.713792833485959779e-08
-1.947326974774058348e-08
-4.575970089619337744e-09
1.463811730615785123e-08
3.191945081831131136e-08
4.047983654357942658e-08
3.094765672176755064e-08
7.225405355515213022e-09
1.178821520565384253e-08
7.854805958133109486e-09
2.371250448328424520e-09
4.138462909678825345e-09
2.731262838024002179e-09
-6.992982115568640753e-11
3.154698985516212014e-11
2.271527046261210843e-09
2.513437336254645815e-09
1.273260407125373635e-09
6.537674858110427036e-10
7.865350490548872436e-10
7.287357962314233558e-10
3.732871987298680955e-10
1.886340144143505396e-10
1.842765196027561430e-10
1.925707732137360134e-10
1.168125068771542324e-10
4.999313862474041229e-11
2.266146634874327100e-11
2.256080218367689137e-11
2.233113390359461414e-11
1.718409278060746760e-11
